###### start optimization
Prescription Dose (Gy) = 30.000000
Normalization(%) = 90.000000
AngleResolution = 10.000000

m_PTV =

       11697


m_OAR =

      146561


m_body =

      403986


ans =

  1x4 single 행 벡터

    0.0702    0.1739    0.1090    0.2911


w2 =

  1x4 single 행 벡터

    3.5099    0.1739    1.6348    7.2773


sqrt_coeff =

  single

    0.0296


ans =

  single

    0.0484


THs =

    0.0127


opts = 

  다음 필드를 포함한 struct:

    MaxIter: 10000
          t: 1.2684e-04
     lambda: 100
          c: 10
        acc: 1
     inv_L1: 0
         L0: 0
      Lhalf: 1
         L1: 0
         WW: []
     Angles: 36
      trunc: 613


inv_L1 =

     0


L0 =

     0


Lhalf =

     1

Beginning iteration

ii =

        1000


ii =

        2000


ii =

        3000


ii =

        4000


ii =

        5000


ii =

        6000


ii =

        7000


ii =

        8000


ii =

        9000


ii =

       10000


record_nz =

    16


record_angle =

     2

경과 시간은 3.744344초입니다.

cs2 =

    10


THs =

    0.0254


opts = 

  다음 필드를 포함한 struct:

    MaxIter: 10000
          t: 1.2684e-04
     lambda: 200
          c: 10
        acc: 1
     inv_L1: 1
         L0: 0
      Lhalf: 1
         L1: 0
         WW: [982x1 double]
     Angles: 36
      trunc: 613


inv_L1 =

     1


L0 =

     0


Lhalf =

     1

Beginning iteration

ii =

        1000


ii =

        2000


ii =

        3000


ii =

        4000


ii =

        5000


ii =

        6000


ii =

        7000


ii =

        8000


ii =

        9000


ii =

       10000


record_rwtnz =

    14


record_rwtangle =

     2

경과 시간은 3.695762초입니다.

THs =

    0.0254


opts = 

  다음 필드를 포함한 struct:

    MaxIter: 10000
          t: 1.2684e-04
     lambda: 200
          c: 10
        acc: 1
     inv_L1: 1
         L0: 0
      Lhalf: 1
         L1: 0
         WW: [982x1 double]
     Angles: 36
      trunc: 613


inv_L1 =

     1


L0 =

     0


Lhalf =

     1

Beginning iteration

ii =

        1000


ii =

        2000


ii =

        3000


ii =

        4000


ii =

        5000


ii =

        6000


ii =

        7000


ii =

        8000


ii =

        9000


ii =

       10000


record_rwtnz =

    14    14


record_rwtangle =

     2     2

경과 시간은 3.672864초입니다.

ans =

       11697           1


ans =

   19.1000


factor =

  single

    1.5707


num_angles =

     2

####### Optimization Completed